-11
-23
-9
-87
-30
-69
-46
-45
0
-34
-47
-33
-19
1
-2
-12
-41
-33
-16
-22
-49
-34
-31
-25
-8
-24
-2
26
2
18
1
10
-28
3
-29
-5
-25
-136
-33
-29
-11
-3
-18
-4
10
16
-32
-38
-21
-20
-5
-34
-6
-14
-18
-6
-20
21
14
-44
-39
-29
-48
-1
-10
-13
-4
-12
8
-5
-15
-31
1
-43
-25
-11
-35
-15
-13
-17
16
-28
1
-2
9
-22
-26
-17
-30
-32
12
-30
-30
-68
-4
-14
-37
-47
-8
-52
-100
-29
25
-47
-24
-48
-23
1
-45
-42
-10
-12
-34
-32
-5
-39
-43
-37
2
-9
-21
-39
2
-19
-39
-15
-12
-49
-36
-16
-16
-30
-11
0
-16
-4
-37
7
0
-43
-16
-20
-12
10
19
-75
-31
22
-47
-39
-8
-2
-3
-7
1
-5
-10
3
-9
-16
-51
-47
-31
11
-9
24
-24
13
-12
-45
3
-18
-18
-40
-15
-24
-7
-11
-41
-64
17
-48
-31
-11
-14
-10
-10
-7
6
-12
-3
-6
-35
-26
1
-15
-16
-6
-19
-27
-13
-15
-32
-29
-9
-6
-39
-26
-39
-37
-15
-39
-2
12
-29
-27
-41
-50
-25
-6
32
-35
-4
19
-26
-44
-12
-15
-40
-16
-46
5
-41
-24
-1
0
3
-32
-11
-27
-4
1473
-25
-8
-40
-4
-20
-10
-28
-26
-7
-6
-13
-43
1471
-34
-17
-10
-2
-9
-30
22
-14
-8
-9
-16
-31
-29
-65
-39
-15
-17
-76
-27
-38
-53
-11
5
-7
-44
-33
-58
-29
-13
-1
-52
-10
-8
-58
-40
-57
-21
-45
-21
-47
-2
-37
-44
-14
2
-18
-19
-19
-23
1
-4
-19
-29
-20
-42
-6
-6
0
0
-26
-100
-35
-12
-47
-20
-4
-25
-28
-1
-49
-15
-7
-24
-80
-5
-17
-34
-51
-84
-4
-4
3
0
-15
-4
-32
-29
-41
-34
-35
-16
10
-49
-48
-27
-9
14
7
-51
-55
19
-29
-32
-51
-8
-22
11
-23
-5
-5
-4
-16
-21
-17
-1
-32
-14
-36
-10
6
-9
-51
-9
-21
-35
-15
-36
-13
-31
-30
-20
-27
-40
-46
-28
-24
-21
-29
-44
28
-12
-3
-28
-9
-8
-22
-7
-61
-34
-32
-42
-3
-15
-24
-87
-49
-42
-10
-21
-34
9
-39
9
-39
-28
-16
-51
-48
-5
-54
12
-6
-68
-19
-37
-29
-7
-28
-35
-30
-2
-11
-16
-36
-30
-23
-13
-67
-28
-34
-1
-31
2
-24
-11
-19
-46
-55
-55
-20
-1
-9
-6
-13
-11
-54
6
21
-8
-17
-31
-41
-1
-18
-31
-14
0
-25
-59
-3
-34
-46
-7
-32
-22
-17
-21
-3
-41
-14
-6
-39
-21
3
-27
1
-41
9
-2
-44
3
-25
-40
-32
-46
-35
-14
-14
1
-23
-2
-39
-28
-16
-20
-6
-54
-28
-36
-28
-11
-34
1
-24
2
-28
-8
-51
-23
-10
11
12
-19
-21
-27
-15
-16
-35
-20
-28
11
-33
-16
-1
-35
-48
1
13
-11
-29
-33
-73
-48
0
-12
14
-16
-39
-15
-23
14
-19
-34
-1
-26
-5
-59
-51
-26
-50
-6
-8
-18
-9
-9
19
-39
-41
-64
-27
1
-30
-14
-30
-39
-17
-36
-2
-6
-38
-54
-20
-29
-15
-19
-43
-98
7
-26
2
-34
-53
-46
-27
2
-16
-31
-14
-12
-14
-45
11
-57
-11
-2
-28
-29
-30
-116
-20
-16
-57
-2
-36
-30
-13
-109
1
-36
-23
-11
-26
-25
-39
-38
1
-3
-7
-14
10
7
-44
14
9
-38
-9
-19
-30
-49
-15
-16
-8
-18
-8
-31
-12
-36
-33
3
-15
-22
-53
-17
-13
-33
6
-38
1
6
-14
-32
-26
-27
2
-15
-38
-26
-5
-44
-47
-11
-5
-3
-24
-10
-34
-33
-17
-1
-12
-1
1
-28
2
-27
-84
25
-22
-33
-58
-5
16
-36
-13
-9
-22
-8
-13
-64
-7
-16
-7
11
-5
0
-35
27
-15
-26
-48
-6
-4
-62
-46
-8
-3
-46
-27
-14
-39
-18
-8
20
-18
-23
-51
-22
-42
-43
-5
-43
-32
1
-11
-30
20
-27
-61
1
1
-26
-6
-42
-37
-14
-15
-1
-1
-5
15
1
-32
-18
-3
2
-37
-42
-25
-33
-4
-16
-14
9
-18
-24
-16
-46
-37
-39
-1
-26
-30
-31
17
-52
-41
-2
-22
-23
-30
23
-48
-37
-47
-40
20
-2
3
-35
-29
-24
-23
-26
-142
-31
11
-28
-21
-2
8
10
-28
-52
-23
-14
-17
36
-16
-24
2
-38
4
-8
-24
19
-30
-26
-37
-18
-24
-18
-33
-25
-28
-36
-48
1
-20
-2
-2
-7
-42
-23
-25
-39
-49
-38
-3
-41
-44
-32
-36
-20
-22
-24
-8
1
-27
-47
-91
-16
-12
-41
-7
-38
7
-15
-8
-37
-30
32
-58
-10
-37
-4
-24
-47
-54
-15
-84
-40
-18
-36
-8
-49
-34
-33
-46
6
3
-44
-56
-1
-18
-2
4
-1
-55
-36
0
-49
-21
24
-28
4
-8
-23
36
-43
-39
30
-62
-39
29
-31
-36
-49
-28
-13
-23
-22
-21
-13
-5
-23
-50
-19
-20
-1
-12
-19
-18
30
-30
-17
-38
-26
19
-18
-22
-32
-17
-25
-34
-43
-42
-15
16
-21
-16
3
-24
-4
21
-12
-50
-34
-9
-27
-36
-29
-15
-36
25
-39
-38
-9
-17
-44
-55
-94
-32
-24
-44
-20
-19
-18
-25
10
-28
1
-8
-12
-5
17
-22
-14
-36
-19
-1
-1
-17
1
-18
-24
-46
-46
-48
-24
0
-42
-51
-49
-15
-19
-17
-47
-6
-28
-38
1
-44
-21
-2
-13
-51
-33
6
-7
-66
-32
-40
-41
-10
-10
-26
-34
26
-2
-14
-2
-3
-39
-56
-22
-19
-35
-24
-26
-31
-36
3
-36
-21
5
-35
-46
-43
3
-29
30
-15
-1
-8
-23
-36
-27
-32
-48
-27
-11
27
1
-17
-10
-7
-37
-39
-10
-25
11
-2
-1
-8
-27
-37
-10
-3
-50
-23
-10
-23
-22
-45
-32
-51
-20
-10
-15
-10
-5
-7
-14
-12
-20
-19
-37
-36
3
-34
-33
-13
-36
7
-33
-44
-19
-42
-5
-39
-35
12
-22
-15
-8
-6
-1
-7
-33
-16
-9
-14
-5
2
-9
-35
-25
33
-30
-15
0
40
-11
-29
-50
2
-38
-35
-49
-21
-5
-54
2
7
-23
-20
13
-51
24
-15
-50
-1
-16
-40
-12
-12
11
-32
-17
-38
-38
-15
26
-23
-31
-21
-29
-2
1
3
-32
-37
-43
-13
-16
-33
-25
-52
-27
-11
-32
-38
-26
2
-1
-9
27
24
-13
-18
-49
-25
-9
-21
-28
-22
-17
-11
-9
9
-1
-4
14
-13
6
30
-24
-26
-16
38
-38
26
-57
-25
10
-16
-15
-13
-26
-46
41
-49
-12
5
-12
-26
-35
-4
-17
-28
-15
8
-16
16
-36
-22
-18
-24
20
4
-48
-42
1
2
-38
4
-27
-19
-27
10
-22
-31
-10
-12
-13
14
-22
-38
-27
-37
-16
-36
-11
-43
-58
-30
-35
-24
-29
-8
-1
-54
-19
1
-29
-25
13
-70
-43
0
-1
-13
-24
-30
-22
-8
11
-49
-3
5
-44
-20
-74
-16
-22
-3
-37
-40
-1
15
10
-15
-32
-26
-4
-24
14
-28
2
37
-5
-11
-3
-12
-10
0
-31
-16
-10
-17
-9
25
-33
-13
22
5
3
-55
-3
-32
-17
1
-19
-27
-40
-6
2
-49
-33
-54
-10
21
-16
-53
-35
-21
-15
0
6
-6
-83
-39
11
-26
1
-40
-39
14
-47
-17
14
-36
-1
-14
-18
-28
-47
-10
-41
-22
12
-24
-15
-36
0
-19
20
-39
0
-41
1
-45
-45
-7
-6
-34
-33
-34
-4
-12
-6
-31
-39
-16
-15
-4
-29
-3
-27
1
-36
-11
-28
-1
-8
-4
-27
-30
13
-2
-15
-9
-18
-16
-39
-36
-18
-34
8
-9
-6
-49
-26
-19
-2
-10
-44
-45
-12
10
7
16
28
-40
23
-12
-36
-62
11
2
-21
1
-23
-2
7
-73
-21
-1
-50
18
-2
-10
-12
-32
20
9
-1
-20
26
-7
37
-43
-88
0
-9
-4
-43
2
-4
-24
1
-38
-31
0
-16
25
-2
34
-27
-4
-50
38
-6
-14
-63
-36
19
-25
5
-13
-23
-23
1
-3
38
-13
-58
7
-34
-3
20
-1
-33
0
15
1
-6
10
-36
-6
-44
-10
-27
-20
-98
2
-26
10
-8
9
4
-2
-20
-5
0
-36
-16
-4
-28
5
-3
-21
-5
17
-22
-38
-1
0
-56
-7
-23
1
-43
-1
-3
2
1
-26
0
0
-16
-18
2
-27
-41
-25
-23
-1
2
-20
-17
7
13
5
2
16
19
-23
-3
-33
30
2
-6
-37
-13
-19
-4
15
5
7
-49
4
-9
-38
-55
8
0
-39
-38
-19
-10
-32
-27
-38
-1
-36
28
-8
28
2
7
0
-43
-11
-24
-48
12
-51
-9
-12
18
-22
-22
-36
-23
-5
-20
-22
-27
-22
-27
-39
-22
-13
-2
-1
-114
-20
-30
17
-7
0
-10
-1
-2
-42
-4
-31
0
1
-47
-32
-24
-49
-4
-1
-3
-6
-34
-19
-12
-35
-6
-16
-45
2
-31
-6
-36
-7
-26
-23
-31
9
0
-12
-4
-17
-13
18
-2
17
-25
9
-11
-18
-22
-30
-21
22
-22
-15
32
-38
-41
13
21
-2
-15
-13
18
-10
0
2
-5
-6
-6
3
-31
30
-38
-29
11
-4
-48
-1
-6
-20
-8
-44
-34
0
-48
-1
10
-67
42
-33
-47
1
-14
-71
-49
-18
-19
-17
-37
-21
3
-5
-61
-26
-12
-18
-2
16
11
-17
-19
-17
-25
-27
-33
4
-10
-47
-68
-6
-24
-37
0
32
23
32
-9
-16
57
-3
-8
-18
-5
-15
-15
-6
-1
-47
-50
3
-7
-41
-28
14
-14
-73
-20
-11
-54
7
-18
-22
-7
-28
-2
17
-3
-13
5
-10
-11
6
-10
-55
-60
-5
-38
-1
0
-55
-1
-37
-55
0
-4
-12
-15
-13
-31
28
-7
-34
-3
0
1
0
1
-26
-17
-1
-39
-59
-1
-12
-14
-27
-36
-12
29
0
8
24
-1
-38
-22
-4
7
-6
12
-42
-2
-6
-1
-36
2
-3
4
-17
-1
-18
-20
-2
0
-15
-7
-13
11
33
2
-22
-22
-22
-4
0
-27
-24
2
9
-6
-25
-11
-4
-17
-42
-9
-2
12
-1
-13
-28
12
0
-14
-8
-32
-1
20
-1
-19
0
0
-1
-22
31
15
-45
-29
-14
-12
3
6
-60
-31
-1
-29
-17
-25
-9
-28
-25
-6
-9
-2
-21
-4
-7
-26
-50
-21
-43
-3
0
-2
-19
-5
-49
-7
-30
-36
-34
-3
-46
-24
8
-16
-1
-29
-131
-20
2
-12
-50
-2
-10
-16
-5
23
-5
-1
0
-36
14
-1
0
-13
-8
-45
-36
1
-50
-21
-12
-15
-36
-25
-1
7
-20
-24
-71
-35
-1
-3
-1
1
8
-42
-5
-7
-37
-13
-22
-21
-9
-10
25
-88
-10
-49
12
-16
-12
33
40
4
-47
-29
-13
15
-10
-28
-19
-22
-8
-11
-23
-1
-30
-28
21
-38
-19
-3
-21
-25
0
-2
-97
34
2
-2
0
-7
-16
-50
-35
-42
-45
18
-2
-3
-40
4
-8
-43
-2
-7
-11
-39
-9
-44
22
-1
1
8
-33
-33
14
-23
26
-40
-1
4
-5
-47
-1
-37
1
15
-17
-44
16
-41
-12
-48
-41
-8
-38
-17
-5
-27
-37
-30
0
3
-30
-30
7
34
-3
-24
-29
-37
-20
-48
-53
-28
-52
23
-27
-13
26
-10
-35
-25
-8
-21
-40
-12
-8
7
-11
-22
-30
-47
-30
-38
-36
-13
1
4
-44
-25
-28
-4
29
-15
-11
-17
-52
-15
-3
-8
17
20
-51
0
11
12
-42
-15
-35
-10
-19
-33
-3
0
21
-14
-28
-15
45
-7
22
-38
-25
-48
3
-6
-22
-16
-50
-2
-18
-46
-15
-28
-6
-18
-16
-5
28
14
-15
-23
22
-7
-33
-23
-14
-47
-4
-27
27
-1
0
-14
-19
-1
-19
-33
-48
25
-9
-18
-65
-31
-4
-39
-42
37
-6
-17
-4
-15
-27
13
-44
-44
-13
4
-30
-29
-35
-8
-8
-18
3
-30
32
-50
13
0
-9
-36
-22
-1
-1
-26
-47
-9
-7
-9
-4
-22
-22
-8
-42
12
-26
-27
-28
-37
-41
-35
-12
20
-3
-3
-16
-28
-1
-15
-19
-19
-20
-14
16
28
-15
-13
-31
-41
-29
11
-48
-37
-42
-5
-19
-13
-13
11
-29
-36
-11
-18
-35
19
-19
-22
-10
-46
-9
-8
-21
-21
-29
-21
-11
-49
-13
9
-5
-5
-8
-2
-20
-33
-23
-33
-15
-28
-22
-5
-29
-50
-48
-23
-47
18
3
24
-48
1
-17
-35
-22
-33
-23
-20
0
-5
-28
-2
-12
21
-10
-5
-12
-7
-8
-29
-36
-21
23
-6
3
-26
-22
-44
-31
-4
-8
-51
-50
-37
-43
-35
-29
-22
-34
-6
34
-29
14
-17
2
-31
-37
-41
-30
-33
-16
-21
-33
-25
-4
12
-41
2
23
-42
-3
-8
0
-23
-28
-1
-19
5
0
-40
-18
-7
5
-34
-29
-15
-23
-12
1
-9
-44
4
-14
-20
-46
-20
-17
-1
-27
1
-19
-14
-13
3
1
0
0
-34
-3
-50
18
-43
-12
-29
-21
2
-20
-35
-50
-12
-2
-34
-44
23
-43
-40
20
-27
-46
0
22
-77
8
-26
-81
-15
-83
-7
3
21
-36
-37
-17
-7
-14
-52
-1
-6
-47
-29
-37
-9
-2
-1
-45
-12
-8
-13
-32
-13
-48
-29
-26
0
-24
-48
-14
13
-7
-41
-22
-25
-34
-24
-20
-48
-7
-49
-4
-42
-39
-29
0
-36
-5
-37
-69
-16
-44
-2
-14
-29
-7
-4
-2
-33
20
28
-13
-33
-1
-30
-1
2
16
-30
-10
-23
-47
-36
-8
-5
-10
-19
-21
21
-5
-12
-41
-6
-31
27
-5
-36
-49
-19
1
-20
9
-5
-17
-20
-52
-45
-29
-41
-4
-3
-4
-2
29
-4
-5
-1
-15
-18
26
13
0
-13
1
-2
-4
-12
22
-21
-39
-49
-4
-37
20
-15
-14
-28
-44
-13
-22
8
-18
-3
-13
-3
-25
-8
-33
-15
-30
-47
2
19
-21
-18
-27
-35
22
-11
-21
0
-28
-28
-4
31
-17
-7
-16
-15
-15
-40
-37
-49
-25
-19
-10
-28
-42
-16
-20
37
-36
-5
-60
-5
-34
-23
-11
-10
-21
-2
21
-15
12
-41
-20
-24
22
-3
1
36
-20
40
-32
-26
-9
-1
-21
-37
1
1
17
-7
6
12
-33
-39
-30
-19
-12
-38
11
-47
-34
-6
3
-35
-22
-16
-1
-3
-29
2
-50
11
-20
-3
-27
3
0
-87
-8
-59
-11
4
-34
-23
-8
12
-14
16
-21
-4
-21
17
17
-45
14
-44
5
-27
21
17
2
-38
-28
-27
-39
-4
18
-13
-9
-17
-18
-29
24
-9
-17
-42
-7
-14
-18
-45
-20
-53
9
-17
-29
-2
15
31
-80
-45
-37
3
-11
-6
-20
0
-1
-22
-26
-20
-26
1
-1
-2
8
-21
-16
13
-25
-24
4
-26
-18
-25
-12
11
-16
-41
-19
21
-35
-29
-30
-14
-10
-33
-25
-50
17
-2
23
-52
-39
-1
-7
-47
12
12
-18
-7
16
24
1
-21
7
38
19
14
-40
-17
19
-27
-107
-30
5
28
7
-32
-14
18
-47
3
-33
4
-10
-38
-10
-28
-34
-44
-51
-30
-25
-24
-7
-7
-18
-42
-19
-70
-6
-19
-15
-51
-11
-1
-12
-12
22
-33
-34
-45
-7
-16
-15
-47
-44
-77
-1
-62
-29
-50
18
-34
2
-14
-33
10
-15
-31
13
-17
-23
-33
40
-32
-23
-15
-13
22
-15
41
6
-43
-30
19
-25
-5
2
-2
19
23
-12
-13
-14
-9
-16
-2
-13
-47
-12
3
-3
-46
-13
-39
28
-48
-33
-36
1
2
-47
-1
-37
-4
35
23
-25
-10
-6
35
-39
-30
-43
-29
-32
0
-35
-45
6
-7
-15
-53
14
-34
-1
-65
-32
-31
-41
8
-40
3
-49
15
-43
-4
-38
-8
-11
25
-2
-20
-9
-18
4
-53
-23
-33
1
-35
19
-28
-19
-43
-43
-22
-19
-10
-4
5
-5
-19
-48
-1
-34
27
-1
-2
37
-21
-10
-42
4
-22
12
22
-16
-25
-5
9
23
12
-18
-34
-45
-12
-39
-21
4
5
9
-14
-13
-13
-22
-36
-17
-19
13
-26
-39
-9
10
-29
-1
-4
-16
-14
-1
-1
-13
-43
-31
30
-19
-39
30
-28
-8
-13
-23
-8
-34
-30
2
-23
-28
9
23
-24
-30
-49
-65
-11
29
-13
1
-17
-20
-18
-5
3
5
-10
19
-41
26
-9
-20
-37
-36
-55
-24
-8
-16
-42
-4
-49
13
3
-27
-32
-20
-33
-22
-18
-40
-32
-14
-8
-16
-29
-19
35
-39
4
-29
-23
18
-31
9
-56
-7
-49
-41
-13
-23
-36
-14
23
-41
-6
-1
-28
21
-1
7
-11
-45
16
4
-5
6
-19
-17
-21
-7
6
-32
-25
-33
-48
-18
-14
29
-1
-2
-93
-72
-18
-44
-28
-25
-22
-14
-11
-28
-10
38
20
-33
-12
-1
-41
-52
-16
-19
-49
-30
-14
-8
-1
-7
-33
-43
0
-10
-1
1
-34
8
6
-1
-35
0
26
-13
-5
30
26
4
-25
-14
-37
-33
-55
-7
2
-29
6
-2
-26
-5
-7
12
-33
-71
3
-45
-40
-33
6
-35
-5
-48
-41
-17
-40
-24
10
-25
-26
-37
-47
-6
-37
2
-40
-9
2
-45
-9
-22
1
-18
-29
16
-18
-33
-24
-41
-15
-6
6
-18
4
-22
-37
-45
16
4
-86
-19
0
-18
-35
-28
-54
-17
30
-27
-31
25
-1
-44
-47
-16
2
-21
-22
-24
-37
35
17
-10
-27
-30
-36
-27
2
-26
5
-22
-39
11
-23
-35
-11
-14
-47
-19
0
-10
13
1
-46
-41
-3
-44
-5
-45
-51
0
-6
4
-14
-6
-2
-23
-37
-30
-30
-26
-31
-29
-14
-47
-7
-38
-14
14
-43
-25
-40
-49
-6
-20
-3
-22
-34
4
3
-36
-40
-18
-30
-22
-35
-19
-17
-25
-52
-29
0
-18
-3
-27
-40
-32
3
31
0
-34
0
14
-38
-26
-7
4
-9
-40
-1
-31
-2
-14
-29
-2
-21
-3
-21
-290
-24
-39
-4
-11
-12
0
-15
-11
-19
-12
-13
-23
-4
-19
-5
-46
-1
10
-23
-14
7
-14
4
-40
-28
-45
0
-45
-20
-42
-31
-17
8
-42
-35
-24
-12
-8
14
-12
-4
-8
-26
-44
-44
21
-12
-15
-27
-48
-18
9
-23
-14
4
15
-45
-5
18
-49
-4
-49
-4
-30
-30
-4
0
-41
32
-46
-30
-22
-26
-25
-21
-4
1
-1
-46
-19
-27
-26
7
-3
-14
-2
-29
-20
0
-18
-19
-2
-29
-21
-1
-34
0
-5
-3
-12
-9
-24
-32
-22
-29
-29
-44
-31
0
-11
4
-33
-14
-17
-42
-52
16
-42
-2
-14
-127
-38
-28
-9
-28
-15
16
-5
-14
-13
-30
-7
-2
2
-10
-3
-36
-28
9
26
-33
-28
-1
-4
-22
-5
-29
1
-4
-1
-13
-35
-23
-1
10
20
-19
-1
-46
-29
-19
-9
-41
-16
-7
-12
-25
-41
-46
-85
-20
-27
-26
33
-11
1
-4
-49
-17
-74
-40
2
-30
-56
2
-21
-28
-16
-15
2
-40
-11
-11
4
-41
-1
-2
-14
-1
10
-19
8
-37
-2
-34
-20
-24
-27
-34
-21
-1
-49
-5
-29
-10
-10
-1
-4
0
-15
2
-1
-1
-8
-95
-34
-3
0
2
-36
-1
-3
0
-16
-11
-1
-17
-1
-11
0
-21
0
1
-32
-5
0
-1
-27
-2
0
0
-8
-32
1
3
7
-16
-1
-5
-51
-4
-2
-8
-8
-21
1
-4
-1
21
-1
25
3
0
-1
-25
0
-15
1
0
15
-9
-34
1
-1
-1
-38
19
13
-26
-40
-15
-1
0
-11
-55
0
-24
-2
-11
-4
-1
0
1
-24
-66
-12
-1
-1
-44
-4
0
-12
1
0
1
-33
-42
-2
-20
-1
0
-11
-8
-24
1
-26
-40
-17
-52
-40
-32
-45
-22
-44
-24
4
-6
19
-27
-47
-8
-1
-47
-1
-33
-17
-20
-38
-1
24
0
-12
-31
-23
-33
-36
20
-30
-2
-31
-27
-32
-17
-24
-1
-17
-3
7
-20
-16
-20
-3
-15
-23
-29
-1
3
-45
-31
-19
-11
-27
-23
-7
-5
-4
-36
-14
-45
-2
3
9
-26
0
8
-11
-25
-40
-3
-10
3
0
-7
-52
-49
-17
-22
-46
0
-4
-13
-8
-4
-15
5
-9
-26
-25
-36
2
-36
-5
-5
-41
-3
2
-2
-35
0
-55
25
-50
-10
-48
-15
-32
11
0
-18
-28
-17
-29
-7
-11
-13
21
-50
-23
-6
-39
-71
-2
-49
-2
-41
-38
-40
1
2
31
-1
-18
-23
2
-49
-77
-24
-43
-1
-9
-11
-2
-16
22
-62
-41
7
-7
4
-31
-1
-6
-8
5
-28
-1
-44
-66
-5
-43
-25
-1
0
-24
-1
-1
-45
-1
-2
-51
-3
-23
-141
-7
-3
0
-7
-23
-15
2
3
0
-1
-7
-4
-5
-31
-1
-2
-1
-26
0
1
-32
-1
-1
-41
-1
-18
-25
0
-1
-3
-38
-30
-8
-21
-25
3
-2
-26
1
-7
-2
-2
-1
-2
-27
-1
3
-42
-30
-1
-1
2
-29
-3
9
-8
-16
-42
-43
-21
-25
-1
-18
-36
-1
-30
-29
-40
-1
0
0
-18
-1
-40
-1
-1
-15
-12
-5
0
7
-57
-2
-1
-41
-1
0
-43
-1
-23
-32
15
-4
-26
-43
7
-2
-29
-25
-1
3
-81
-8
-20
-2
-1
3
-1
-1
-37
-2
-49
-2
-12
-51
-1
-46
6
-28
-1
-1
-30
-19
-23
0
-1
-14
-6
2
-13
-1
-1
0
-11
-3
-3
-1
2
14
-27
-19
-37
-34
-2
-4
-3
-17
22
-4
6
-35
0
-32
0
-16
-6
-1
0
-8
-3
-1
-5
-15
-11
-2
-47
-5
-6
-2
-27
-21
-1
-2
0
-34
0
-1
0
-25
5
-17
0
-33
-4
-21
-32
0
-1
0
0
-1
-2
-40
-40
-17
-3
-45
0
-1
-32
6
-13
-1
0
-5
-10
33
-1
-48
19
-52
-46
-22
-4
-42
2
-3
-4
-1
25
0
-2
-45
0
-40
-42
-36
-20
-4
-11
-3
-50
-23
-81
-12
-11
-1
33
15
0
-25
-8
-26
-36
-11
18
0
-40
-2
-1
0
0
0
-44
-15
-1
-15
-7
-22
-18
0
-8
-1
-42
-44
0
-39
-47
-1
-1
-26
-1
-9
-31
4
-2
0
-20
1
-1
-1
0
-59
-1
-8
-37
0
-25
-34
-1
-26
0
0
-1
-51
-4
-16
0
-12
6
25
-1
-9
-2
-25
-4
-21
0
-1
9
0
-43
-25
-48
-15
0
-32
0
37
0
-1
-1
-14
-5
-5
-82
4
-33
-33
-1
-36
0
-1
-1
-43
2
-26
-8
0
19
-34
0
0
-31
-1
-29
2
0
-43
-13
-1
-1
0
-1
-1
-1
11
0
0
20
-38
-15
0
-25
-16
-1
-30
-4
-46
-1
0
-23
-36
2
-27
-20
-3
-1
-24
-1
-1
-12
-2
-1
0
-1
-19
-26
0
-5
-8
-1
-33
-21
-15
-30
-46
-7
-1
-7
-48
-1
-41
3
6
-94
0
-27
-116
-20
-67
1
-1
0
-28
4
-38
-79
-4
-8
-48
-22
-28
-1
-43
-43
8
-1
-47
-1
-12
-1
-20
-23
-49
-30
-85
-7
-4
-30
-11
4
-1
-9
-44
-7
5
-29
-13
-5
-35
-43
3
-54
14
-20
-38
-47
0
-12
2
-1
-37
-5
-39
-33
-3
-35
-1
-51
-47
-2
-1
-21
2
-1
0
1
-1
-19
-10
-38
-26
-14
-47
-9
-5
-1
-19
0
-1
-49
-46
0
-18
-12
-1
0
1
17
16
-27
-1
-10
-18
-1
-55
-41
-77
-20
-1
-20
0
-44
-14
-11
-40
-2
0
-36
0
0
-7
0
-18
-33
-33
-43
-1
-16
0
4
-24
-14
-2
-26
-46
-3
21
-70
-33
-19
-19
-27
3
-1
-5
-2
-6
1
-13
-2
-42
11
-24
-9
-8
-4
-34
-23
-36
4
-48
-1
-6
-32
-15
-17
-1
0
20
-69
-1
-6
-21
-13
-53
-6
0
-15
-51
-10
-28
-22
1
-42
-44
0
-47
1
-9
-39
-6
-34
-21
-40
-1
-1
-22
-46
-11
-54
-75
-23
0
-10
-1
-1
-21
-28
-38
-13
-1
-9
-35
-20
-30
-1
-13
-1
-17
-1
-37
-11
-40
-17
-25
-40
0
-30
-27
-39
-2
-27
-15
0
-14
-9
1
-1
-1
-38
-38
-5
-27
-20
-37
-13
-1
3
-28
0
-57
0
-35
-21
-2
-4
-31
-30
2
-16
-35
-2
-8
-1
-1
-3
-30
-33
-32
-20
-44
-15
-4
-30
-41
-2
-16
-16
1
-3
-2
-5
-25
-58
-40
-32
-31
-22
-51
-48
2
-23
-39
16
-30
-10
-32
-35
-28
-4
-33
-1
-2
-3
2
-35
-1
-34
-35
-15
-30
-14
-4
-35
-8
-25
-18
-15
-31
-14
-7
-2
-24
-3
-10
-1
-23
-2
7
-21
-2
-8
-51
-4
-3
-45
-20
-15
-6
-3
0
-2
-2
-16
-1
0
-6
-8
-10
24
26
3
-21
-1
-41
0
-14
0
-14
-2
29
-30
-3
-11
-40
-1
-24
-5
-4
-34
-32
-5
-26
-1
1
-18
13
-23
-1
-1
-33
-12
-9
-1
-15
-1
-40
-7
-41
-1
1
-11
-39
-7
-34
-21
-4
-17
-4
-19
-13
17
-31
-40
-1
-1
-1
-20
-13
0
-5
-40
0
0
-1
-1
-2
3
-38
-38
7
0
-11
-1
6
-32
0
-1
-3
0
-4
-9
-3
8
-15
-42
-28
-8
-6
-25
-2
-1
-24
-1
2
-30
-14
-1
-8
-17
-5
-27
-19
-6
-59
-11
0
-4
-4
-4
-31
-15
-7
-1
-28
-23
-12
-43
-35
-17
-37
-1
-3
-1
-32
-7
-13
-22
-38
-34
-7
-2
-1
-1
-39
2
-9
-25
-2
-33
-6
-21
-1
-17
-1
-41
-295
-3
-29
-5
-7
-31
0
-34
-9
-27
-28
0
-13
-50
-7
-30
-28
-5
-38
-12
-66
-11
-16
-49
1
-12
-6
-27
-24
-9
-36
-9
-42
-4
-46
-7
-7
-36
-5
-1
-25
-13
-29
-9
-15
-29
-1
-1
-21
0
-10
-4
-20
-1
-24
-5
-1
0
-11
-28
17
-17
-33
-1
-21
-35
7
0
-11
-48
0
-9
-2
-20
-5
-29
-1
-11
-33
-1
-12
-16
20
-1
-6
-20
-6
-25
-1
-9
-40
0
-4
7
-57
-13
4
-19
0
-5
-31
-12
-3
24
-16
-76
-1
-1
-33
-51
-56
-1
-36
-19
-33
-30
-26
-1
-7
-17
-23
-4
-44
-28
-22
-37
-17
0
0
1
0
-15
2
-35
7
0
-8
-18
-4
-9
-2
3
-17
-43
-32
-2
-29
-40
-21
0
0
-1
-47
-9
0
0
-25
-1
-18
-4
-2
-1
-21
-16
26
0
-1
-1
-3
-5
-25
2
0
-11
10
-13
-1
-13
22
-14
-15
29
-17
-1
-2
-1
-2
-34
-19
-21
-29
-20
-4
-1
0
-6
-1
-23
0
-29
-1
-16
23
13
-20
-41
17
-1
-56
-4
15
-4
-15
-45
-33
10
-37
-44
-10
-10
-44
-1
5
-21
-1
0
-3
0
3
1
-2
-38
33
-38
-1
0
-5
-2
22
-1
35
-2
30
-8
-2
13
-47
-17
0
-15
-8
-11
-32
-13
-14
-30
-3
-1
-2
-3
-1
0
-12
-4
-29
0
-1
0
-2
-19
-19
-24
-26
-1
9
-1
-2
-29
-1
-1
0
-4
0
-30
1
-19
0
0
-1
-1
-11
-2
-14
-48
-34
-24
-2
-3
-4
-1
-25
-30
-13
-14
-1
-22
-33
-20
-19
-2
-7
2
-23
-1
-18
23
-3
-21
34
-4
3
-2
-11
-7
3
-5
-31
1
-2
-5
-19
-46
-28
-34
-37
-1
21
-49
-5
-5
-25
-14
0
-44
-4
-11
15
1
-17
-6
-9
-5
-1
-34
0
31
-1
29
-1
-1
-5
14
-16
-22
3
3
-2
-51
-16
-8
-5
-2
-2
-25
27
-11
-34
-2
-38
1
6
-37
-43
-33
-17
-3
-30
-49
-11
-4
-13
-39
-25
-25
-16
-27
-28
-34
-5
-2
-25
-10
-4
5
-45
-23
0
2
-32
-5
-30
-1
-1
-32
-39
2
-9
0
-1
-2
-8
-7
-38
2
-28
-25
-3
-1
37
-1
-2
-5
-3
-20
-1
-1
-82
0
0
-1
-14
-1
-47
-11
0
7
-29
-19
-2
0
0
-19
-1
-46
-14
-1
-10
-56
-17
-46
-32
0
-19
-15
0
-1
-32
-1
-16
-1
-1
-42
-29
-12
-49
-22
-19
0
-25
-9
-8
-1
-1
0
-12
0
-17
0
-30
0
-1
-29
-37
-22
-1
0
-8
6
0
-1
-4
-30
-46
0
-1
-2
-1
-31
10
-12
1
-8
-12
-48
-6
-1
-1
1
-84
-16
-34
-1
-12
-2
-16
-10
-14
-2
0
-22
-10
20
-26
-14
-12
-15
-18
0
-13
-1
0
-19
-17
-1
-1
22
-1
0
0
2
-15
1
-53
-1
-1
-18
-3
-48
-3
-57
12
-23
-1
0
-19
-1
-46
-10
-44
-13
-1
-2
-18
12
0
-1
-62
-1
3
0
-17
-1
-11
-26
-1
-13
-8
-1
-1
0
-5
-1
-42
-11
-16
-40
-13
-3
-46
-1
-49
-20
-39
0
-13
0
-16
-3
-1
-57
-6
17
-26
0
-37
-1
0
-20
-1
1
-29
-16
26
-22
0
10
-32
-42
-1
-23
-34
0
29
-4
-11
-9
-4
2
-36
-1
0
-1
-1
-8
-15
-11
-10
-1
-44
6
0
-18
-83
-27
-30
23
0
0
-17
37
-37
-15
-10
-1
-7
-19
0
-48
-51
-15
-30
-53
-29
-24
-42
-20
-41
-4
-4
-22
-1
-1
-15
-21
0
0
-7
-40
2
-28
-8
-32
-9
2
-19
-12
-24
3
-5
-5
-33
-10
2
-2
-34
-17
-22
-22
1
-1
-1
-18
6
-18
16
-1
1
3
-24
-10
-24
-5
-3
-29
-24
-1
-7
-12
-1
-15
-10
-5
-3
-26
4
2
-8
-30
2
-1
-1
-2
-2
-1
3
-17
5
-2
-1
-1
0
17
-9
-29
-19
-31
-12
-1
-5
-1
16
-48
-1
-3
0
-12
-18
-19
4
-7
-13
-13
-10
0
0
-1
-1
-21
-3
7
-35
1
3
0
5
-29
-2
-25
-2
-1
-6
-1
-32
0
-4
0
-5
-6
-4
23
11
4
-1
-9
-11
-1
-1
-8
-4
0
-6
4
-1
-15
-1
-7
3
1
-3
-13
4
-4
0
-18
-1
-1
-1
-55
-5
-32
0
0
0
0
-20
-2
-3
0
-1
23
-9
0
-30
-25
0
-11
2
0
0
0
-14
-5
-14
-5
-2
-1
-28
-10
-6
-4
-3
-21
-1
-17
-5
-29
-1
-1
-3
-3
-1
-1
-14
-1
35
-1
-5
-8
1
0
-1
-1
0
-31
-6
-1
-16
-32
-28
0
0
-27
-29
-10
-20
-35
-18
0
-26
-1
-21
-8
-31
-10
-2
-3
-4
-24
-13
-4
-17
0
-1
-8
0
-1
-16
-12
0
-2
-8
3
-27
-3
-1
-24
2
-1
-20
-1
15
-2
-3
-12
-39
-27
-1
0
-11
0
-11
1
-1
-29
36
0
17
-1
1
-39
-2
-10
-27
-1
-7
-4
-7
-1
-6
-19
-5
-1
-1
-13
-47
2
-21
-19
0
-18
-18
0
16
30
-1
0
-17
-6
0
-6
-6
-4
0
0
-9
-7
1
-16
-2
0
0
0
-20
-1
-27
-3
-5
-21
-4
-6
-34
-6
-1
-15
-14
15
-30
27
-32
7
-18
-4
-1
-29
-2
-7
-48
-76
-2
-1
-22
-1
-15
-6
-6
-17
-16
-46
-47
-9
0
0
-1
-1
-33
-15
-28
-4
6
0
0
-10
-31
0
-1
-19
-47
-70
-26
0
-3
-12
1
-40
-1
-63
-15
-19
-4
-4
-7
-23
-3
-3
-8
-7
-11
-10
-5
-11
-30
-29
-1
1
-16
-43
-9
-19
-1
-10
-66
-7
-19
-21
-1
-28
-1
-27
-30
-8
0
-15
-1
-12
-23
0
-15
-7
-17
0
-5
-9
-43
-1
-9
0
-12
-16
-3
-13
-8
-53
-1
-9
-21
-1
-1
0
-7
-11
-2
-5
-3
20
-1
-1
0
18
-4
-1
-5
-48
-7
31
-4
-6
-14
-1
-6
12
-15
-1
-4
0
-17
-4
22
-1
-4
0
-1
-1
-5
-19
0
24
-22
-2
-25
-17
-1
-41
-12
-59
-1
-12
-12
-1
-34
2
0
-7
-16
-3
-10
1
21
-3
-25
-1
0
-16
-2
-11
-1
-1
10
-2
-16
-1
-46
-1
-19
0
0
-2
-41
-5
-5
-14
-5
-2
-8
-8
19
-16
18
-13
-25
-1
0
-6
25
-1
-1
-24
-39
-30
2
-14
0
-14
-15
-30
-1
-17
-1
-1
-27
-24
0
-24
-17
-26
-12
-24
-1
-1
-72
-21
1
-25
-40
-60
0
0
-14
-13
-29
0
-19
-10
-13
-2
-17
-6
-8
-13
0
-8
-7
-22
-3
0
-28
-24
-5
-1
-2
-1
-1
4
-2
-3
-6
-9
0
-67
-31
-20
1
5
-1
-13
-2
-1
-16
-347
-25
0
1
